06434717090030080
06434717090010110
06434717090030090
06434717090010090
06434717090010080
06434717090010100
06434717090030100
06434717090010070
06434717090040070
06434717090010140
06434717090010120
06434717090030060
06434717090010040
06434717090010030
06434717090040080
06434717090030070
06434717090010150
06434717090050050
06434717090010130
06434717090050060
06434717090010160
06434717090010170
06434717090020130
06434717090010060
06434717090010050
06434717090010180
06434717090010190
06434717090020120
06434717090030050
06434717090060070
06434717090010200
06434717090020090
06434717090020110
06434717090020100
06434717090030110
06434717090020070
06434717090030040
06434717090030120
06434717090020060
06434717090040060
06434717090040050
06434717090030130
06434717090020140
06434717090020080
06434717090040040
06434717090040100
06434717090030150
06434717090020050
06434717090030140
06434717090040110
06434717090030170
06434717090040011
06434717090050070
06434717090050020
06434717090050080
06434717090040090
06434717090050040
06434717090030160
06434717090040012
06434717090030030
06434717090040120
06434717090040021
06434717090050030
06434717100170110
06434717100160011
06434717090020150
06434717090050090
06434717090020160
06434717090040130
06434717090060020
06434717090050010
06434717090020170
06434717090060060
06434717090020210
06434717090030020
06434717100150010
06434717100160080
06424714020010120
06424714020010150
06434717090050100
06424714020010130
06424714020010170
06424714020010180
06434717090030010
06434717090020200
06434717100170100
06424714020010110
06434717090060040
06434717090020190
06434717100150100
06434717100190010
06434717090020180
06424714020010100
06424714020010140
06424714020010160
06434717090060050
06434717100170010
06434717090060030
06434717100190020
06424714020010090
06424714020010010
06424714020010020
06424714020010030
06424714020010040
06424714020010050
06424714020010060
06424714020010070
06424714020010080
06434717100190030
06434717100160070
06434717100150020
06434717100080080
06424714020030220
06424714020040140
06424714020040121
06434717090020230
06424714020020180
06434717100160020
06434717100170090
06434717100190040
06434717090020240
06434717100080060
06424714020020190
06424714020030240
06424714020030230
06424714020020200
06434717100080050
06434717090020220
06424714020020170
06434717100080070
06424714020020300
06424714020020290
06424714020020280
06424714020020270
06424714020020260
06424714020020250
06424714020020240
06424714020020230
06424714020020220
06434717100150090
06424714020020210
06434717100160060
06434717100150030
06434717100190050
06424714020030210
06424714020030250
06424714020020160
06424714020040111
06424714020030200
06434717100190060
06434717100150080
06434717100170080
06434717100080010
06434717090060010
06434717100170030
06424714040110100
06424714020020150
06424714030010010
06434717100170040
06424714020020050
06424714020020060
06424714020020070
06424714020020080
06434717100080020
06434717100070010
06434718010010130
06424714020020140
06424714020020090
06424714020020010
06424714020020020
06424714020020030
06424714020020100
06424714020020110
06434718010010140
06424714020020040
06434717100150040
06434718010010150
06434718010010110
06434717100150070
06424714020040090
06424714020020120
06424714020020130
06434717100190070
06434717100080030
06424714020030260
06434717100080040
06434718010010120
06434717100180010
06434717100160050
06424714020030190
06434717100190190
06434717100090120
06434718010010160
06434718010010170
06434717100160040
06424714020040101
06434717100190180
06434717100190080
06434717100170070
06424714030010020
06434717100090110
06434717100160030
06424714020030270
06434717100190160
06434718010020060
06434717100090100
06434717100150060
06434717100180090
06424714020030310
06424714020030410
06424714020030400
06424714020030300
06424714020030390
06424714020030380
06424714020030370
06424714020030360
06424714020030350
06424714020030340
06424714020030290
06424714020030330
06424714020030280
06434717100190150
06434717100090080
06434718010020070
06434717100090010
06434717100190170
06434717100150050
06434718010020080
06434717100180020
06434718010010100
06434717100170051
06434718010020050
06434717100090090
06424714020030320
06434718010010090
06434718010010180
06424714020030170
06434717100090030
06434717100140180
06424714020030180
06434717100090020
06424714030010030
06434717100190140
06434717100140160
06434717100140150
06434717100140140
06434717100180030
06434717100190090
06434717100140170
06434717100140130
06424714020030010
06434717100140120
06434717100140110
06424714020030140
06434717100090070
06424714040110110
06424714020030020
06424714020030030
06424714020030040
06424714020030050
06424714020030060
06424714020030070
06424714020030080
06434717100140010
06434717100180080
06434718010010190
06424714020030100
06424714020030090
06424714020030110
06424714020030120
06424714020030130
06424714020040041
06424714020040051
06434718010010200
06434718010020040
06434717100170060
06424714020040071
06424714020040061
06424714020030151
06424714020050520
06434718010010080
06434718010010070
06424714020040031
06424714020040021
06424714020040010
06424714030010040
06434717100140020
06424714030010050
06424714030010060
06424714030010070
06424714030010080
06424714030010090
06424714020050180
06434717100190130
06434717100180070
06434718010010060
06434718010020030
06434717100180040
06434717100190100
06434718010020020
06434717100130180
06434717100140030
06434718010020010
06424714020070100
06424714020050340
06424714020050350
06424714020080100
06434717100180050
06434717100190120
06434717100140100
06434717100180060
06424714040110120
06434717100140040
06434717100140050
06424714020050161
06434717100140060
06424714020050110
06434718010050120
06434717100140080
06434717100140090
06434718010010210
06424714020050190
06424714020070010
06434717100090050
06434718010050010
06424714020060100
06424714020050360
06424714020080010
06424714020050330
06434717100140070
06424714020090100
06424714020090010
06434717100130170
06424714020050530
06424714020050151
06424714020050100
06434718010050110
06434717100190110
06434717100120040
06424714020050510
06434718010010050
06424714020050500
06434717100090060
06434717100120050
06434718010060110
06434718010010040
06434717100070090
06434717100130200
06434717100130160
06424714020070020
06434717100130220
06424714020050370
06434717100130210
06434717100130150
06434718010010220
06434717100100100
06434717100100090
06434717100100080
06424714020080090
06434718010060120
06424714020050490
06424714020050090
06424714020080022
06434718010050020
06434717100130140
06434717100130130
06434717100130120
06434717100100120
06434717100100110
06424714020060081
06424714040110130
06424714040110140
06424714040110150
06424714040110160
06424714040100220
06434717100100070
06424714020070090
06424714020050540
06434718010010230
06434718010060130
06424714020050141
06434717100120060
06434718010060091
06424714020050320
06434718010010240
06434718010050100
06424714020050200
06424714020070030
06434718010010030
06424714020090021
06434718010050030
06424714020050080
06424714020090090
06424714020070080
06424714020050211
06424714020070040
06424714040100190
06424714040100200
06424714020050550
06424714040100210
06434717100130010
06434718010060140
06424714020050310
06434718010010020
06424714020090080
06424714020060071
06434718010050090
06434718010060150
06424714040100170
06424714040100180
06424714020050380
06424714020080021
06424714020080080
06434718010050040
06424714020050480
06434717100130020
06434717100130030
06434717100120070
06434717100130040
06434717100130050
06434717100100050
06434717100130080
06424714020050132
06434717100130060
06424714020050390
06434717100120080
06424714020080031
06434717100130070
06424714020090070
06434718010060160
06434717100130090
06434717100130100
06434717100100010
06434717100130110
06434717100100020
06434717100100030
06424714040100160
06434717100100060
06424714020050221
06434718010040190
06424714020070050
06424714020090031
06424714020050060
06424714020060050
06434718010050080
06424714020070070
06424714020050300
06424714020050560
06434718010060080
06424714020080070
06424714020050470
06434717100100040
06434717100120100
06434717100120110
06434717100120121
06434717100120131
06434717100120141
06434717100120151
06434717100120161
06434717100110060
06434717100120171
06434717100120181
06434717100120191
06434717100110010
06424714020050400
06424714020080042
06424714020100150
06434717100120090
06434717100110030
06434718010050050
06434717100110070
06434717100110050
06434717100110020
06434717100110040
06424714020080060
06424714020050460
06434717100120030
06434718010040180
06424714020100140
06424714020100130
06424714020100120
06424714020100091
06424714020100110
06424714020050240
06424714020100092
06424714020060060
06424714020060040
06424714020060020
06424714020060030
06424714020070060
06424714020100080
06434718010060060
06434717100120020
06434718010010010
06434718010030010
06424714020090050
06424714020050570
06434718010050060
06424714020050050
06424714020050410
06434718010040020
06424714020050120
06434718010050070
06434717100120010
06434718010060010
06434718010060020
06434718010060030
06434718010060040
06434718010060050
06424714020050290
06434718010060070
06424714020050010
06434717040030080
06434717040110220
06424714020050250
06424714020050450
06424714020050260
06434716000040063
06434716000040066
06434718010040170
06424714020050280
06434718010030020
06424714020050590
06434717040110010
06434717040110020
06424714020050040
06424714020050440
06424714020050030
06424714020050020
06424714020050270
06424714020050430
06424714020050580
06434717040110070
06434717040030050
06434717040110080
06434717040110090
06434717040110100
06434717040030010
06424714020100070
06434717040110030
06424714020100060
06434717040030020
06434717040030030
06434718010040160
06424714020050600
06424714020100010
06424714020100020
06424714020100030
06434718010040140
06434717040030040
06424714020100040
06424714020100050
06434718010040130
06434717040110040
06434717040110050
06434717040110060
06434718010040120
06434717040030060
06434718010040110
06434717040030070
06434718010040100
06434718010040090
06434718010040080
06434718010040070
06434718010040060
06434718010040040
06434717040110120
06434718010040030
06434716000040170
06434717040110210
06434718010040220
06434718010030030
06434717040110200
06434717040120210
06434717040120200
06434717040120190
06434717040120180
06434717040120170
06434717040120160
06434717040120150
06434717040120140
06434717040120130
06434717040120120
06434716180000020
06434716180000040
06434717040110140
06434717040120110
06434718010040010
06434717040040160
06434717040040150
06434717040040140
06434717040040130
06434717040040120
06434717040040110
06434717040040100
06434717040110130
06434716180000060
06434717040040090
06434716000040150
06434717040110190
06434717040110150
06434716180000010
06434716000040160
06434716020000010
06434716020000070
06434716000040140
06434717040120020
06434716020000080
06424711020002190
06424711020002180
06424711020002170
06424711020002160
06424711020002150
06424711020002140
06424711020002130
06424711020002120
06424711020002200
06424711020002210
06424711020002110
06424711020002100
06434717040120010
06434717040040080
06424711020002090
06424711020002080
06434717040120030
06424711020002070
06424711020002060
06434717040120040
06434717040120050
06424714090000100
06424714090000110
06434717040120070
06424714090000120
06424714090000130
06424714090000140
06424714090000150
06434717040120080
06434717040120100
06424714090000080
06424714090000090
06434717040120060
06434717040120090
06434718010040230
06434717040040020
06434716020000060
06434717040040030
06434717040040040
06434717040040050
06434716020000030
06434716020000061
06434716020000050
06434716020000040
06424714100090070
06434716020000041
06434717040110160
06434717040040070
06424714100100020
06434717040110180
06434717040040010
06424714100090020
06424714100090030
06424711010010280
06424711010010270
06424714100090040
06424714100090050
06424714100090010
06424714100090060
06424714100090080
06424714100090090
06424714100100010
06434717040040060
06434717040130210
06424711020002630
06424711020002640
06424714100090100
06424711020002650
06424711020002660
06424711010010290
06424711020002670
06424711020002620
06424711020002680
06424711020002690
06424711020002700
06434717040050090
06434717040130200
06434717040130190
06424711010010260
06434717040130180
06434717040130170
06434717040130160
06424714090000060
06424714090000050
06434717040130150
06424714090000040
06424714090000030
06434717040130140
06424714090000020
06424714090000010
06434717040130130
06434716040000050
06434716040000022
06424711020002030
06424711010010250
06424714090000071
06424711010010240
06424714100100030
06434717040050150
06434717040130120
06434717040050130
06434717040050120
06434717040050110
06434717040050100
06434717040050140
06434717040050160
06434717040130110
06434716040000090
06424714100080040
06424714100090140
06424714100090130
06424711010010310
06424714100090120
06434717040110170
06424714100090110
06424711010010320
06424714100080050
06424711010020080
06424711010020070
06424711010010300
06424714100080030
06424714100080020
06424714100080010
06424714100090150
06424711010020060
06434716040000130
06434716040000150
06434717040130092
06434716040000120
06434716040000160
06434716040000170
06434717040170020
06434716040000142
06424711010020050
06424711010020040
06424711010020030
06434717040100110
06434717040050030
06434717040050040
06434717040050050
06434717040050060
06434717040050070
06434717040050080
06434717040050020
06434717040130060
06434717040130070
06434717040130080
06434717040050010
06434717040100130
06424711010020090
06434717040130091
06424711020002730
06424711020002720
06424711020002710
06424711020003120
06424711020002530
06424711020002520
06434717040130010
06434717040100140
06434717040130020
06434717040130030
06434717040130040
06434717040130050
06424711020002510
06424711020002500
06424711020002570
06424711020002580
06434717040100100
06434717040100150
06424711020002600
06424711020002610
06434717040060070
06424711020002040
06434717040100090
06424711020002050
06424711020002220
06424711020003030
06424711020002590
06434717040140110
06434717040090070
06434717040060130
06424711020001970
06434717040060120
06434717040060110
06434717040060090
06434717040060080
06434717040140170
06434717040140160
06434717040140150
06434717040140140
06434717040140130
06434717040100160
06434717040140120
06424711020002560
06434717040140100
06424711020002550
06424711020002490
06434717050160080
06424711020002800
06424711020002810
06424711020002820
06434717040100080
06424711020002540
06434717040140180
06424711020003040
06424711020001980
06424711020002260
06424711020002460
06434717050160090
06434717040090080
06424711020002470
06434717040100170
06434717040140190
06434717040100070
06424711020002250
06434717040100060
06434717040100180
06434717040060150
06424711020003050
06434717040060160
06424711020001990
06434717120040270
06434717040140070
06434717040140080
06434717040140060
06434717120040300
06434717120040290
06434717040060170
06434717120040280
06434717040090090
06434717040090100
06434717040090050
06434717040060140
06434717040090060
06434717040140090
06434717040060060
06434717040150040
06434717040060180
06424711020003060
06424711020002000
06434717140040260
06434717120040010
06434717120040020
06434717120040030
06434717040100050
06434717040070040
06434717120040040
06434717040090110
06434717040140050
06434717040100190
06424711020002740
06424711020002240
06424711010010060
06424711010010070
06424711010010141
06424711010010091
06424711010010081
06424711020002480
06424711010010101
06424711010010111
06424711010010170
06424711010020260
06424711010010131
06434717040140200
06424711010010161
06424711010010010
06424711010010030
06424711010010020
06424711010010040
06424711010010151
06424711010010050
06434717040150050
06434717040060050
06434717040100200
06434717040080070
06424711020002750
06424711010020250
06424711020003070
06424711020002010
06434717040150030
06424711010020240
06434717040070050
06424711010030130
06424711010030140
06424711010030190
06434717040060190
06434717040080040
06434717140040240
06434717040140040
06424711010030150
06424711010030160
06424711010040410
06424711010030170
06424711010040420
06424711010040430
06424711010030180
06424711010040440
06424711010040450
06424711020002760
06434717040090120
06424711010040460
06434717040070030
06434717140040050
06434717040140210
06434717040150060
06434717140040230
06434717040090130
06424711020003080
06434717040100040
06434717040100030
06434717040080030
06434717040060040
06424711020002020
06434717140040220
06424711020002230
06424711020002440
06434717140040210
06434717040080060
06424711020003100
06424711020003090
06434717040090020
06434717040070060
06434717040080020
06424711010020230
06434717040100210
06434717140040060
06434717140040200
06424711010030080
06434717040060200
06424711020002770
06424711020002280
06434717140040070
06424711020003110
06434717040140030
06434717140040180
06434717040060030
06434717040140220
06434717140040190
06434717140040080
06424711020001960
06434717140040090
06434717040150070
06424711010030120
06434717040150020
06434717130030050
06434717040070020
06434717140040100
06434717040090140
06434717040100220
06424711010020220
06424711020002270
06434717040100020
06434717140040160
06434717040070070
06434717130030080
06434717040140020
06434717130030070
06434717130030060
06424711020002860
06434717140040110
06424711020002450
06434717040060210
06434717140040150
06424711020001920
06434717040080050
06424711020002910
06434717040060020
06424711020002920
06424711020002990
06434717140040130
06434717040090030
06424711010030110
06434717040140010
06424711010020020
06424711020002780
06434717140040120
06424711010030070
06434717040090010
06434717040080010
06424711020002790
06434717040070010
06434717040060010
06424711020002300
06424711010030060
06434717130030020
06434717130030040
06424711010020200
06424711010020210
06424711020002930
06434717130030010
06424711020002850
06424711020001930
06434717040150080
06434717040150010
06434717040100230
06424711010030090
06424711020002980
06434717040090040
06434717040090150
06434717040140230
06434717040070080
06424711020002940
06424711010030030
06424711010030040
06424711010030020
06424711020002970
06434717040060220
06424711010030050
06424711010010190
06424711010020100
06434717040100010
06424711020002950
06424711020002310
06424711020002420
06424711010020010
06424711010030100
06434717070100220
06434717070100230
06434717070100240
06434717070100250
06424711010010330
06434717070100260
06434717070100280
06434717070100300
06424711020002960
06434717070100310
06434717070100320
06434717070100330
06434717070100340
06434717070100270
06434717070100290
06434717070100390
06434717070100400
06434717070100410
06434717070100420
06434717070100430
06434717070100350
06434717070100360
06434717070100370
06434717070100380
06424711010020190
06424711010030010
06424711020001660
06424711010010340
06424711010020110
06424711020001800
06424711010010180
06424711020002430
06424711020001670
06424711020001710
06424711010020120
06424711020001890
06424711020002410
06424711010040050
06424711010040030
06424711020001810
06424711010040060
06424711010040070
06424711010040080
06424711010040020
06424711020001690
06424711010040040
06424711020001680
06424711020001700
06424711010020130
06424711020001880
06424711020001940
06424711010020140
06424711020002840
06424711010010360
06424711020001870
06424711020001830
06424711010020150
06424711010010350
06424711010040120
06424711020001820
06424711020002320
06424711010040010
06424711010010370
06434717130020070
06434717130020052
06424711010020160
06424711020002340
06424711020001850
06424711020001860
06434717130020110
06434717130020090
06434717130020080
06424711020001840
06424711020002400
06424711010040130
06424711020002330
06434717070100210
06424711020002350
06424711020002290
06434717070100160
06424711010020170
06434717070100120
06424711020001750
06434717070100110
06434717070100150
06434717070100140
06434717070100180
06434717070100170
06434717070100200
06434717070100190
06434717070100100
06434717070100071
06434717070100061
06434717070100051
06434717070100041
06424711010010430
06434717070100031
06434717070100010
06424711010010390
06424711020002360
06424711010020180
06434717070100021
06424711020002390
06424711020001740
06424711010040110
06424711020001760
06424711020002370
06434717070100081
06424711010040100
06424711010040090
06424711010010400
06424711020001730
06434717130020010
06434717130020020
06434717130020030
06434717130020040
06424711020001770
06424711020000010
06424711010040140
06434717130020051
06424711020001950
06424711020001900
06424711020002870
06424711020002830
06424711010010410
06424711020001720
06424711010010420
06434717060090221
06424711020001780
06434717060090222
06434717060090261
06424711020002380
06424711020001790
06434717060090271
06434717060090380
06434717060090390
06434717060090400
06434717060090410
06434717060090420
06434717060090231
06434717060090281
06434717060090291
06424711020003020
06434717060090301
06434717060090321
06434717060090360
06434717060090241
06434717060090251
06424711020002880
06434717060090330
06434717060090350
06434717060090370
06424711020003010
06424711020002890
06434717060090340
06424711010010480
06424711010040160
06424711020000020
06424711020000090
06424711020000080
06424711020000030
06424711010040200
06424711010040150
06424711010010830
06434717060090210
06434717060090200
06434717060090190
06424711020000070
06434717060090180
06424711020000120
06424711020002900
06434717060090170
06434717060090160
06434717060090150
06434717060090140
06424711020003000
06434717060090130
06424711020000060
06434717060090120
06434717060090110
06434717060090100
06434717060090090
06434717060090080
06434717060090070
06434717060090060
06434717060090050
06434717060090040
06434717060090030
06434717060090020
06434717060090010
06424711020001910
06434717150010010
06434717150010020
06434717150010030
06434717150010040
06434717150010050
06434717150010060
06434717150010070
06434717150010080
06434717150010090
06434717150010100
06424711020000040
06424711020001300
06434717060080400
06424711010040190
06434717150010110
06424711020000050
06424711010010820
06434717060080211
06434717060080220
06434717060080230
06434717060080240
06434717060080250
06434717060080310
06434717060080320
06424711010010470
06434717060080210
06434717060080260
06434717060080270
06434717060080280
06434717060080290
06434717060080300
06434717060080330
06434717060080340
06434717060080350
06434717060080360
06434717060080370
06424711020001280
06424711020001270
06424711020001260
06434717010010060
06434717010010050
06434717010010040
06434717010010030
06434717010010100
06434717010010090
06434717010010080
06434717060080380
06434717010020010
06434717060080390
06434717010010070
06434717010010020
06434717010010120
06434717010010110
06434717010010010
06424711020001290
06424711020001250
06424711020001070
06424711020001040
06424711020001050
06424711020001030
06424711010010810
06424711020000110
06424711010010460
06424711010040180
06424711020001080
06424711020001310
06424711020000100
06424711020001240
06424711020001320
06434717060080200
06424711020001060
06424711020001230
06424711020001220
06424711020001340
06424711020001350
06424711020001210
06434717060080190
06434717060080180
06434717060080170
06434717060080160
06424711020001330
06434717060080110
06424711020001000
06434717060080100
06434717060080090
06434717060080080
06434717060080010
06424711020001020
06424711020001010
06434717060080070
06434717060080060
06434717060080050
06424711010010800
06424711010040340
06424711010040350
06434717060080150
06434717060080140
06434717060080130
06434717060080120
06424711010040360
06424711010040330
06424711020001200
06424711020000980
06434717060080040
06424711010040370
06424711020000960
06434717060080030
06424711020000970
06434717060080020
06424711020000990
06424711010040380
06434717060070400
06424711020001150
06424711020001190
06424711020001160
06424711010040390
06424711020001100
06424711020001170
06434717060070250
06434717060070310
06434717060070320
06434717060070270
06434717060070330
06434717060070340
06434717060070360
06434717010020050
06434717060070280
06434717060070290
06434717010020030
06434717010020020
06434717010020040
06434717060070350
06434717060070370
06424711010040400
06434717060070210
06434717060070220
06434717060070230
06434717060070240
06424711010010450
06434717060070260
06424711010070150
06424711020001410
06434717060070300
06424711010070160
06434717010020060
06424711010070130
06424711010070140
06434717060070380
06424711020000910
06424711020000920
06424711020000930
06424711020000940
06424711020001180
06424711020000950
06424711010070190
06424711010070200
06424711020001110
06424711010070170
06434717010050090
06424711020001120
06424711020001130
06424711010040210
06424711020001140
06424711020000890
06434717060070390
06424711020000900
06424711020000850
06424711010040320
06424711010040310
06434717060040080
06424711010070180
06424711010040220
06434717010040090
06424711010070120
06424711010040230
06434717010020070
06424711020001400
06434717010040080
06434717010040100
06434717060070200
06424711010010520
06424711010040170
06424711010060120
06434717060070150
06434717060070140
06434717010050100
06434717060070120
06434717060070110
06434717010020100
06434717010020090
06434717010020080
06434717060070190
06434717060070130
06434717060070180
06434717010050080
06424711010010440
06434717060070170
06434717060070160
06434717060070100
06434717060070090
06424711020001390
06424711020001380
06424711020001370
06424711020001360
06424711020001480
06424711020001470
06424711020001460
06424711020001450
06424711020001440
06424711020001430
06424711020001420
06424711020000860
06424711010060150
06434717010030010
06434717010040110
06434717010040070
06434717060040070
06434717060040060
06424711010040240
06424711010070110
06434717060070080
06434717060070070
06434717060070060
06434717060070050
06434717060070040
06424711010040300
06424711010060130
06424711010060140
06424711020000870
06424711020000210
06434717060070030
06434717060070020
06434717060070010
06424711020001610
06434717010050070
06434717060060200
06424711020000200
06434717060060210
06434717060060220
06434717060060230
06434717060060240
06434717060060250
06424711010040290
06434717060060260
06424711020001620
06434717060060270
06434717060060280
06434717060060290
06434717060060300
06434717060060370
06424711010060160
06434717060060310
06434717060060320
06434717060060330
06424711020001630
06424711010070210
06424711020000190
06434717010030020
06434717010040120
06434717060060340
06434717060060350
06424711010010510
06434717010040060
06424711030001800
06424711020001640
06424711020000880
06434717060060360
06424711030001810
06434717060060380
06424711020001650
06424711010040260
06424711020000180
06424711010070100
06424711010040280
06424711020001550
06424711020000170
06424711020001560
06424711020001570
06424711020001580
06424711020001510
06424711020001520
06424711020001530
06424711020001540
06424711010040270
06424711020001590
06424711020001490
06424711020001500
06424711030001820
06424711010010790
06434717010030050
06424711030001790
06434717010030060
06424711020001600
06424711030001830
06424711020000160
06434717010050060
06434717010030030
06434717010040130
06434717060040050
06424711010060170
06424711030001780
06434717010030040
06434717010040050
06424711020000150
06424711020000140
06424711020000770
06424711010060180
06424711010070090
06424711020000130
06424711030001770
06434717060060190
06424711010060190
06434717060060160
06434717060060150
06434717060060180
06434717060060170
06424711030001840
06434717060060140
06434717060060130
06434717010040140
06434717060060120
06434717010030110
06424711020000220
06424711010010500
06424711030001850
06434717060060110
06434717060060100
06424711020000780
06434717060060090
06434717010050050
06434717060060040
06434717060060030
06434717060060020
06434717060060070
06434717060060060
06434717010040040
06434717060060050
06424711010050040
06424711020000240
06424711020000230
06434717060060010
06424711020000840
06424711020000830
06424711010060200
06424711020000810
06424711020000800
06424711020000790
06424711020000270
06424711020000260
06424711020000250
06434717010030080
06434717010030070
06434717010030090
06434717010030100
06424711010060090
06424711030001760
06424711010060210
06424711030000080
06424711010010530
06434717060040030
06424711030000090
06434717010040030
06424711010070220
06434717060040040
06424711010060220
06434717010040150
06434717010050040
06424711010010490
06434717060050200
06424711010010780
06434717060050210
06434717060050280
06434717060050290
06434717060050300
06434717060050310
06434717060050380
06424711030000100
06434717060050220
06424711030001750
06434717060050230
06434717060050240
06434717010040160
06424711030000070
06434717010040020
06434717060050320
06434717060050330
06434717060050340
06434717060050350
06434717060050360
06434717060050370
06434717060050250
06434717060050260
06434717060050270
06424711030001860
06424711010070080
06424711020000320
06424711020000310
06424711020000300
06424711020000290
06424711020000280
06424711020000720
06424711020000730
06424711020000740
06424711020000750
06424711030001740
06424711030000110
06434717010050030
06424711020000690
06424711020000700
06424711020000710
06434717010040170
06424711010060230
06424711020000670
06424711010060100
06424711020000760
06424711010070070
06424711010070060
06424711030001730
06424711030000120
06424711010060240
06424711030001870
06424711030000060
06424711020000330
06424711020000340
06424711020000350
06424711020000360
06424711020000440
06424711020000430
06424711020000370
06424711020000460
06424711020000450
06434717060050180
06434717060050170
06434717060050160
06434717060050190
06434717060050081
06434717060050071
06434717060050141
06434717060050131
06434717060050121
06434717010050020
06424711020000420
06434717060050111
06434717060050101
06434717060050091
06434717060050061
06434717060050051
06434717060050041
06434717060050031
06434717060050020
06434717060050010
06424711030001720
06434717010030120
06434717010030130
06424711030000130
06434717010040180
06424711010010560
06434717010040010
06434717010030150
06434717010030140
06424711010060110
06424711010070050
06424711010050030
06424711010010770
06434717010030160
06424711020000470
06424711020000680
06434708040570360
06424711010070230
06434708040980131
06434708040530400
06424711030001900
06424711030001710
06434717000001190
06434708070020140
06434717010050010
06424711030000140
06424711010050010
06434708070010020
06424711010060010
06424711030001910
06434708040570080
06434708040570110
06434708040570141
06434708040570201
06434708040570231
06434708040570270
06424711030001920
06434708040570300
06434708040610091
06424711030001930
06424711030000040
06424711030000050
06424711030001880
06434708070020120
06434708040570330
06434708040610041
06434708040610042
06424711030001950
06434708070020090
06424711010010540
06434708040570171
06424711030000030
06424711030001940
06434708070020130
06434708070020110
06434708070020100
06424711030000150
06424711010010690
06434708070020080
06434708070020070
06434708070020060
06434708070020050
06424711020000480
06424711020000390
06424711010010550
06434708070020010
06424711020000380
06424711030000020
06424711030001650
06424711020000400
06424711020000530
06424711020000520
06424711020000490
06434708040530430
06434708070020040
06424711020000500
06424711030001700
06424711020000510
06434708070020020
06424711020000660
06434708040570060
06424711010060020
06424711030000010
06424711030001890
06424711010060030
06424711010070010
06424711030000200
06424711010010680
06424711010010600
06424711030002010
06424711030002000
06424711010070020
06424711010060040
06424711010060050
06424711010060060
06424711010060070
06424711010060080
06424711010070040
06424711020000540
06424711020000650
06424711030000160
06424711030001990
06424711020000600
06424711010070030
06424711020000610
06424711020000640
06424711030001980
06424711020000590
06424711020000630
06424711020000550
06424711010050020
06434708040570380
06424711020000620
06434708070020150
06424711020000560
06424711020000580
06424711020000570
06424711030001970
06424711010010670
06434708220000742
06424711030001960
06424712140000640
06434708040530460
06424711010010700
06424711030002020
06424711010010590
06434708040570010
06434708040570670
06434708040570640
06424711010010710
06434708040570610
06424711010010660
06424711020000410
06434708040570030
06424711010010760
06434708040570580
06424711010010720
06424711010010580
06434708040570550
06434708040570520
06424711010010730
06434708040570490
06434708040570460
06434708040530480
06424711010010740
06424711010010571
06424711030001660
06434708040600041
06424711010010650
06424711010010640
06424711010010630
06424711010010621
06424711010010610
06424711010010750
06434708040570430
06434708040570410
06434708040610011
06434708040610012
06434708070010030
06434708070020160
06434708040530530
06434708040530500
06434708040560111
06434708040560151
06434708040560060
06434708040560181
06434708040610421
06434708040560220
06434708040560250
06434708040560080
06434708040530380
06434708070020290
06434708040560280
06434708040560310
06434708040530560
06434708040560340
06434708040600042
06434708040600091
06424711030002030
06434708070020220
06434708070020230
06434708070020240
06434708070020250
06434708070020260
06434708070020270
06434708070020310
06424711030001670
06434708040530350
06434708070020280
06434708070010040
06434707020220060
06434707020220070
06434708040560030
06434708040530330
06424711030000190
06434708040530310
06434708040560361
06434708040560610
06434708040560520
06434708070020170
06434708040560580
06434708070020400
06434708070020390
06434708070020380
06434708070020370
06434708070020360
06434708070020350
06434708070020321
06424711030001680
06434708040530290
06434707020220080
06434707020220090
06434708040560640
06434708040560490
06434708040560460
06434708040560550
06424711030002040
06424711030002050
06424711030002060
06434708040530590
06434708070010050
06434708040530270
06434707020220120
06434708040560430
06434708040560410
06434708040560391
06434708070020190
06434707020220110
06434708040560010
06434707020220130
06434708040600011
06434708040600421
06434707020220100
06434708070020200
06434708040590043
06434708040600012
06424711030001690
06424711030001640
06434708070020180
06434708070020620
06434708070020210
06424711030001620
06434707020220170
06424711030001630
06434708040530620
06424711030000180
06434708070010070
06434708070020410
06434708070020420
06424711030001610
06434708070010060
06434708040550270
06434708040550300
06434708040530250
06434707020220180
06434707020260361
06434708060020590
06434707020260352
06434707020240050
06434708040590091
06434708070020610
06434708040550060
06434708040550080
06434708040550110
06434708040550141
06434708040550171
06434708040550210
06434708040550240
06434707020240040
06434707020240252
06434707070010010
06434708040530650
06434708040550330
06434708040590042
06424711030000170
06424711030000240
06434708040530680
06434707020240010
06434708070010080
06434707020230072
06434707020240251
06424711030001540
06434707020260351
06434708040530230
06434708070020600
06424711030001580
06424711030001600
06434707070010020
06424711030001550
06434707020260340
06434708040550350
06434707020230040
06424711030000230
06434707020230060
06434708040530220
06434708040530190
06434707020230050
06434708040550030
06424711030001590
06424711030001440
06424711030001450
06424711030001460
06434708070020630
06434708060020430
06424711030001570
06434708060020440
06434708060020450
06434708060020460
06424711030001470
06424711030001530
06434708040530150
06424711030000550
06434708040550580
06434708040550550
06434708040550520
06434708060020470
06434708060020480
06434708040530170
06424711030001430
06424711030000220
06434708060020490
06424711030001560
06434708070010090
06434708040530700
06434708040550620
06434708040550430
06434708040550400
06434708040530130
06434708040550490
06434708040550460
06434708040590011
06434708040590012
06434708040590422
06424711030001480
06434707020230021
06434708060020580
06434708060020570
06434708060020560
06424711030000600
06434707010040010
06424711030000610
06434708060020540
06434707020230071
06434708060020530
06434708060020520
06424711030000560
06424711030000570
06424711030000580
06424711030000590
06434708060020510
06434708060020500
06424711030000620
06434708040550380
06434708040530730
06434708060010100
06434708040550010
06434708040580041
06434708040530760
06424711030001510
06424711030001520
06434707010030010
06424711030000210
06424711030001370
06424711030001360
06434707070010090
06434707070010100
06434707070010110
06434707070010030
06424711030000540
06434707020260330
06424711030001390
06424711030001380
06434707070010070
06424711030001400
06434708040530110
06434708060020640
06424711030001490
06434707020260031
06424711030001410
06434707070010080
06424711030001420
06434707070010060
06434708040540110
06434707070010040
06434708040540140
06434708040540170
06434707000005170
06434708040540200
06434708040540231
06424711030001500
06434708040540261
06434708040580042
06434708040580091
06434707010040020
06424711030000250
06434708040540060
06434708040540080
06434708040530070
06434708040530090
06434707010030020
06434707020230080
06434707020230012
06434707070010050
06434708040540291
06424711030000660
06424711030000650
06424711030000640
06424711030000630
06434708060010110
06434707070010280
06424711030000680
06424711030000670
06434707020230391
06434707020260320
06424711030000260
06434708040530050
06434708040540030
06434707020230090
06434707010040030
06434707020230011
06434707070020040
06434707070020010
06434707010030030
06434707070020050
06424711030000300
06434707070010270
06434708020000190
06434708020000200
06434707020270080
06434707070010200
06434707070020030
06434708060010120
06434708040530790
06434708060020650
06434707020230381
06434708040530012
06434708040530820
06434708020000180
06424711030000280
06434708040540010
06434708040540580
06424711030000290
06434707010040040
06434707070020090
06434707020260310
06434707070010190
06424711030000520
06434708040530011
06434708040540541
06434708040540511
06434708040540471
06434708040540380
06434708040540360
06434708040580011
06434708040580421
06434708050010018
06434708050010019
06424711030000270
06434707020230100
06434707070010180
06434708040540441
06434708040540410
06424711030000530
06424711030001350
06434708060010130
06434708090020670
06434708090020680
06434708090020690
06434708020000210
06434707070020020
06434708090020700
06434707070020080
06434708090020710
06434708090020720
06434708090020730
06434707070010260
06434708020000170
06434707070010170
06424711030001340
06434708040470270
06434708040430200
06424711030001330
06434708090020820
06434708040580012
06434707020250322
06434707070020070
06424711030000720
06424711030000730
06424711030000740
06424711030000310
06434708090020660
06424711030000690
06424711030000510
06434707070010160
06424711030000700
06424711030000710
06434708040470080
06434708040470180
06434708040470210
06424711030000750
06424711030000760
06434708040470240
06434707020260041
06434708040430162
06434708040430161
06434708040510060
06434708040470060
06434707010040050
06434707020260300
06434708040470110
06434707070020060
06434708040470150
06434708090020800
06434708090020790
06434708090020780
06434707020230371
06434708040510080
06434707070010150
06434708020000220
06434708040510110
06434708060010140
06434708020000160
06434707020230110
06434708090020810
06424711030001300
06434708090020770
06434708090020760
06434708090020741
06434707070010140
06424711030000500
06424711030000340
06434707020230361
06434707020250321
06434707020270092
06424711030001320
06434708040430140
06434708040470030
06424711030000490
06434707020230120
06424711030001310
06434707070010250
06424711040000430
06424711030000830
06434707020270091
06434707020260290
06434707020250010
06424711030000840
06424711030000820
06434707070010130
06434707070010120
06424711030000810
06434708020000230
06434708040510030
06434707020260060
06424711030000800
06424711030000790
06424711030000780
06424711030000770
06434707020230130
06434707020270111
06434707020260050
06434707020270101
06434708040430221
06434708090020830
06434708020000150
06434708060010150
06424711040000440
06434708020000130
06434708020000140
06434707020250310
06424711030000480
06424711030000330
06434707020250020
06434707010040060
06424711040000420
06434707070010240
06434708040470540
06434708040470501
06434708040470461
06434708040430250
06424711040000450
06434708040430120
06434707020270121
06434708020000110
06434708040470430
06434708040470400
06424711030000460
06434707020260070
06424711030000470
06434708040470360
06434708040470321
06424711030000910
06434708040510441
06434708040510422
06434708040470010
06434707020250030
06434707020230352
06434708040430280
06434708020000250
06434707020250300
06434707020230140
06434707020230351
06434708020000120
06424711030000430
06434708040430090
06434708040510010
06434707070010230
06434708060010160
06434708120020840
06424711030000450
06434708040500100
06424711030000350
06434707010040070
06434708040500060
06424711030000420
06434708040460241
06424711030000440
06424711030000320
06434708040460060
06434708040460080
06434708040460100
06434708040460280
06434708040460130
06424711030000920
06434708040460160
06434708040460180
06434708040500080
06424711040000410
06434708040460211
06424711030000410
06434707020250040
06434708040430070
06434707020260080
06434707010020010
06434707020270130
06424711030000970
06434708120020910
06434708120020920
06434708120020930
06434708020000260
06424711040000460
06434708040430310
06424711030000960
06424711030001040
06434708040460030
06434707070010220
06424711040000400
06424711030000980
06434707020260280
06424711030000940
06424711030000400
06434707020240140
06434708040500030
06434708040460300
06434707020250290
06424711030000990
06434708120020900
06434708120020940
06424711030000390
06434708020000100
06424711030000950
06434707070010210
06424711030001030
06434708120020850
06424711030000380
06434708120020950
06424711030001020
06424711030001000
06434708040430340
06434708040430050
06434707020230150
06434707010020022
06434707010020021
06434708020000270
06424711030001190
06424711030001010
06434707020230160
06424711030001210
06434708120030020
06424711030000370
06434707010040080
06424711030000360
06424711030001050
06434707020260090
06424711030001200
06424711030001220
06434707010010010
06424711030001240
06434707020250280
06434708020000080
06434708040430012
06424711030001070
06424711040000390
06434707020260260
06424711030001230
06434708040500010
06434707020240160
06424711030001180
06434707020270140
06434708040430361
06424711030001060
06434708040460010
06424711030001170
06434708040460330
06434708040500420
06424711040000380
06434707010020040
06434708040430011
06434708040460510
06434708040460470
06434708120020870
06434708120020880
06424711030001260
06434708040460410
06434708040460380
06434708040460350
06424711030001250
06434708020000090
06424711030001270
06434708020000060
06434707020260100
06424711030001290
06434708040460440
06434707010020050
06434708120020960
06434708120020890
06424711030001100
06434707010010020
06424711040000900
06424711030001090
06434708020000280
06434708020000290
06434708120020970
06434708120030040
06424711030001280
06424711030001080
06434708120021080
06434708040900131
06434708120020860
06434708120021050
06434707020270150
06434708020000070
06434708120030030
06434708040450121
06434708040450142
06434708040450160
06434708040450172
06434708040450192
06434708040450201
06434708040450221
06434707020230170
06434708040450080
06434708040450091
06434707010010030
06434708040450111
06434708120021060
06434707020270160
06424711040000330
06434708020000300
06434707010020060
06424711040000960
06434707020250270
06434708040450261
06434708040450262
06434708120021070
06424711040000340
06424711040000360
06424711040000370
06424711040000350
06424711040000320
06424711040000910
06424711040000540
06434707020260111
06434707010010040
06424711040000530
06434708120030050
06434707020260250
06434708120021090
06424711040000520
06434708020000050
06424711040000310
06424711040000500
06434707010010050
06424711040000490
06424711040000550
06434707010020070
06424711040000510
06434708120020980
06434708120020990
06434708120021001
06424711040000480
06434708020000310
06434707020230180
06424711040000280
06424711040000290
06424711040000560
06424711040000270
06424711040000300
06434707020260240
06424711040000470
06424711040000570
06424711040000950
06434707020260120
06424711040000580
06434708020000040
06434708020000030
06434707010010060
06424711040000920
06434707010020080
06434707020270170
06424711040000600
06434707010020090
06424711040000610
06434708020000330
06424711040000590
06434708120021040
06434708120021030
06434708020000320
06434708120021021
06434708120021002
06434707020250121
06424711040000620
06424711040000630
06434707020250122
06434707020260230
06434707010010070
06434707010020100
06424711040000940
06434708020000020
06434707010010080
06434708020000010
06434707020270180
06434707020260130
06424711040000260
06424711040000250
06424711040000240
06424711040000230
06434707020260140
06434707020270190
06424711040001020
06424711040001010
06424711040000220
06424711040001040
06424711040001030
06434708020000340
06424711040000930
06424711030001160
06424711040000650
06424711040000200
06424711040000640
06424711040000050
06424711040000210
06434707020260220
06434707020250210
06424711040000010
06424711040000020
06424711040000030
06424711040000040
06424711040001000
06434707020260160
06424711040000190
06424711040000060
06424711040001050
06424711040000070
06434707020250140
06424711040000080
06434707020230240
06424711040001060
06434707020250173
06424711040000180
06434707020260150
06434707020230230
06424711040000090
06424711040000170
06424711040000160
06424711040000660
06424711040000780
06424711040000150
06424711040000880
06434707020250171
06424711040001070
06424711040000990
06424711040000850
06434707020300100
06434707020250160
06424711040001090
06424711040000140
06434707020260171
06424711040000830
06424711040000790
06434707020290090
06434707020290100
06434707020260190
06424711040000840
06434707020260180
06434707020300060
06424711040000800
06424711040000130
06434707020260210
06434707020290031
06434707020290040
06424711040000970
06424711040000980
06434707020260200
06424711040000820
06434707020300071
06434707020300050
06434707020300090
06434707020270201
06424711040000120
06434707020290032
06424711050000080
06434708120021100
06424711040000810
06434707020290110
06434707020250150
06424711040000110
06434708120021110
06434707020290062
06434707020290050
06434707020300110
06434707020290120
06424711040000860
06434708220000642
06434707020270231
06424711040000890
06424711040000690
06424711040000680
06424711040000700
06424711040000710
06424711040000730
06434707020270241
06434708220000850
06424711040001110
06434708100010130
06424711040000670
06424711040000720
06424711040000740
06424711040000760
06424711040000750
06424711040000770
06434708220000780
06434708220000791
06424711040001080
06434708220000810
06434708200000590
06424711040001100
06434708110030150
06434707040150020
06434708110030140
06434707020290130
06434708110030130
06434708220000660
06434708220000840
06434707020270232
06434707020300031
06434707020300120
06424711040000100
06434707040140010
06434707040140020
06434707040130020
06434708100010121
06434707040140030
06434707040130010
06434707040130030
06434707020300021
06434707040150010
06434708100010110
06434708110030120
06434708110030160
06434708110020090
06434708100020080
06434708110020100
06434708220000670
06434708220000600
06434707020300012
06434707040150040
06434707040110020
06434707040150030
06434707020300130
06434707040110010
06434708220000761
06434707040120020
06434707020270251
06434707040120010
06434708100010100
06434707040160010
06434707020280060
06434707040160020
06434708110030110
06434707020290140
06434708100020070
06434707020300011
06434707040160030
06424711050000250
06424711050000260
06434707020270260
06434708110020110
06424711050000210
06434707040160040
06424711050000240
06424711050000220
06424711050000230
06434707040110030
06434707020300381
06434707020300140
06434707040160050
06424711050000110
06434707040160060
06424711050000090
06424711050000100
06434708100010090
06434707040110040
06434708220000680
06424711050000120
06434708220000610
06434707040160070
06434708220000751
06434707020270270
06434707020280072
06424711050000070
06434708110030100
06434707040160080
06434707040160100
06434708110020120
06434708040330051
06434707020300150
06434708040330080
06434708040330110
06434708040330140
06434708040330170
06434708040330190
06434707040160110
06424711050001000
06424711050001030
06434707040180010
06424711050001010
06424711050001020
06434708100020060
06424711050001190
06434707020270280
06424711050001200
06434708220000830
06434707020300371
06434708100010080
06424711050001180
06434708220000620
06434707020280071
06434707020300361
06434707020270290
06434707040180020
06434708110030090
06434708100020050
06434708220000690
06424711050000140
06434707020280150
06434708040300200
06424711050000170
06424711050000150
06434708110020130
06434707040180030
06424711050000160
06424711050000200
06434707020280081
06434708040300140
06434708040300230
06424711050000060
06434707040170080
06434708040330210
06434707040170100
06434707040170070
06434708220000820
06424711050000300
06434707040170060
06434708100010070
06424711050000130
06434707040170050
06434707020300160
06434707040170040
06434707040170010
06434707040170030
06434707040170020
06434708110030080
06434708040330030
06424711050001040
06424711050000190
06424711050001050
06434708220000630
06434707020280140
06434708100020040
06434708110030070
06434707020290170
06434708040330010
06434708040330340
06434708040330310
06424711050000050
06434707020280092
06434707020270300
06424711050000040
06434708040330280
06434708040330260
06434708100010060
06434708040300120
06434707040080010
06424711050000180
06434707020290180
06434708040300260
06434707020290190
06434707040080020
06434707040080040
06434708220000641
06434707040080030
06434708110020140
06424711050000290
06434707020290391
06434707020280130
06434708040300280
06434707040070010
06434707020280091
06434707020290200
06434708040330240
06434708110030060
06434708100020030
06434707020270312
06434708040300090
06434707020300352
06434708110020150
06434708040320170
06434708040320110
06434707020300340
06434708040320140
06434707040100010
06434707020300170
06434708040320060
06434708040320080
06434707020280101
06434708040300310
06424711050000030
06434707040070020
06434708100010050
06434707040070030
06434707040100020
06434707040100030
06434707020290381
06434708110030050
06434708040320030
06424711050001210
06434708220000870
06434707020270311
06434707040090010
06434708100020020
06424711050001090
06434707040090020
06424711050001220
06434708110030040
06424711050001100
06434707040070040
06424711050001160
06434708040300330
06434708040300060
06434707020290371
06434707040090030
06434707020270321
06424711050001080
06434707040030020
06434707020300330
06424711050001170
06424711050000280
06434707040070050
06434708040320190
06434707020280111
06434707020270331
06434707040070060
06434708040300040
06434708100010040
06434708220000860
06434708200000550
06434708200000560
06434708200000580
06424711050001140
06434708110020170
06434708110020160
06424711050000990
06434707040060010
06424711050000980
06424711050000970
06434707020270340
06434707040070070
06424711050000020
06434708100020010
06424711050001150
06434708200000540
06434708040320300
06434708040320270
06434708040320240
06424711050001120
06434707020280120
06424711050001070
06434707040030010
06424711050000010
06434708040320211
06434707040060020
06434708040300010
06434708040300360
06434708040320010
06434708220000900
06434708100010030
06434707020290370
06434707040030030
06434707040060030
06434707020300320
06434707040060040
06424711050000270
06434707020270350
06424711050001060
06424711050001110
06434708100010020
06434707040030040
06434708100010010
06424711050001130
06434708110030010
06434708200000530
06434708200000510
06434708200000500
06424711050000330
06424711050000310
06434708110030030
06434707020300200
06434707040060050
06434707040030050
06434707020290360
06434708040150180
06434708040190060
06434708040150200
06434708040190080
06434708040190111
06434708110030020
06424711050000320
06424711050000340
06434708040190150
06434707040020030
06434707040060060
06434707020270360
06434707040050020
06434708040190030
06434707040050030
06424711050000690
06434707040020010
06434708040150160
06434707020290210
06434707020300310
06434707040050010
06434708220000890
06434707040020020
06434708040190170
06434707020300210
06434707020270370
06434707020300290
06434708220000470
06434708040150120
06434707020270380
06434707020300300
06434707020330012
06434708040150240
06424711050000700
06434707040050040
06434707020290211
06434707040040010
06434708040190010
06434707040010040
06434708040190200
06434707040010010
06434707020300270
06434708040190251
06434708040190220
06434707020330020
06434707020300220
06434707020300250
06434707020330011
06434707040010030
06434707040010020
06434707020300240
06434708040150270
06434708040150100
06434707020300230
06434707040040020
06424711050000370
06434708040220052
06434707020270390
06424711050000360
06434707020330040
06434708040180051
06434708040180080
06434707020290231
06424711050000350
06434707040040030
06434708220000880
06434707020330030
06434708040220042
06434708040180110
06424711050000672
06434707020330050
06424711050000671
06434707020330060
06434707040040040
06434707020330100
06434707020270400
06434707020330070
06434707020290320
06434708040220032
06434707020290241
06434708040180140
06434707020330080
06434708040150300
06434708040220022
06424711050000960
06434708200000451
06434708200000440
06434707020270410
06434707020290250
06424711050000790
06434707020330090
06434708040150060
06424711050000950
06434708040180161
06434708040150080
06424711100040050
06424711100040060
06434708040150330
06424711100040160
06424711100040070
06424711100040150
06434708040180030
06424711100040140
06424711050000710
06424711100040080
06424711100040130
06424711050000840
06424711100040120
06424711100040170
06424711100040040
06424711100040100
06424711100040090
06434708200000490
06424711050000810
06434708200000360
06424711050000850
06424711100040180
06424711050000800
06434708040220010
06434708040150030
06424711050000410
06434708200000370
06434708200000380
06434708200000390
06434708200000400
06434708200000410
06434708200000420
06424711050000420
06424711050000720
06434707020290261
06434708220000930
06434708040180240
06434708040180210
06434708040180190
06424711100040030
06424711100030290
06434707020340380
06434707020340150
06434707020290262
06434708040180010
06434707020330110
06424711050000660
06424711100030300
06424711100030350
06424711100030340
06424711100030310
06424711100040190
06424711100030370
06424711100030330
06434708040150010
06424711050000400
06424711100030320
06424711100040240
06424711100040230
06424711100040220
06424711100040210
06424711100040200
06434708040140180
06434707020290271
06424711100030410
06424711100030400
06434708040170050
06424711050000900
06424711100030390
06424711100030380
06424711100030360
06434707020290292
06424711050000390
06424711050000910
06434707020290281
06434708030010260
06434708030010281
06434707020290310
06434708030010290
06434708040140200
06434708040150360
06424711100040020
06424711050000890
06434708030010240
06434708030010250
06434708030010270
06434708040170080
06424711050000860
06424711050000830
06424711050000380
06434707030050010
06434708030010300
06434708040170141
06434708040170100
06434708040170120
06424711050000880
06424711050000920
06424711050000650
06424711100030280
06434708030010320
06434708030010330
06434707020290291
06434708040140220
06424711050000730
06424711100040010
06434708040140150
06434707030050020
06434707030050050
06434707030050040
06434707030050030
06434707030040210
06434708030030090
06424711050000930
06434708220000920
06424711050000820
06434708030020120
06434708030010220
06434708030030060
06434708030010310
06434708030010230
06434708030030070
06434708030030080
06424711050000870
06424711100030270
06424711100030260
06434707030060200
06424711050000510
06434707020290302
06434708030020110
06434707020290301
06434707030070010
06424711050000550
06424711050000540
06434707030040010
06424711050000470
06434708030030100
06434708040140240
06424711050000480
06424711100030480
06424711050000530
06434708010010160
06434708010010140
06424711100030470
06424711050000520
06424711050000500
06434708040170010
06434708040170210
06434708040170190
06434708040170170
06424711100010190
06424711050000640
06434708030010210
06434707030040020
06434708030030050
06424711100010200
06434708030030110
06424711100010210
06424711050000580
06434707030070020
06424711050000490
06424711100030250
06434707030060010
06424711050000940
06424711100030460
06434708040160060
06434707030060190
06434708030030122
06434708220000910
06434708030020130
06424711050000770
06434707030040200
06434708030010200
06424711100010220
06434708030030131
06434707030060180
06424711100010230
06424711050000760
06424711050000750
06434708030020100
06434708040200062
06424711050000740
06424711050000780
06434708200000350
06434708200000330
06434708030020140
06434708040160080
06424711100010060
06434708030030040
06424711100010050
06434708040200061
06434708200000270
06424711050000570
06434707030060020
06434708030020090
06434707030070030
06434708200000320
06424711050000450
06424711050000440
06424711100030442
06434707030040190
06434708030010190
06424711050000430
06424711050000460
06434708010010130
06424711100030240
06424711100010040
06424711050000560
06434708040200051
06434707030040030
06434708030030030
06424711050000600
06424711050000590
06434708030020151
06434708010010171
06434708040160100
06434708200000280
06434708040200041
06424711050000630
06434708030030160
06434708200000290
06424711050000610
06424711100010241
06434708200000300
06434708030020161
06434707030060030
06434708040200030
06434707030070040
06434707030060170
06434708200000310
06434708030010171
06424711100010030
06434707030040180
06424711100030050
06434708040160120
06434707030040040
06424712120001650
06424711100030441
06434708030030020
06434708030020172
06424711100020060
06424711100030080
06434708030020080
06434708030020181
06424711100030230
06434708030030150
06434708010010120
06434708200000260
06434708030010172
06434708040160170
06434708030030010
06434707030070050
06434707030060160
06434707030040170
06434707030040050
06434708040160010
06434708010030180
06434708030020061
06434708010010110
06424711100030090
06424711100030060
06434707030060040
06434708220000940
06424711100030430
06424711100010020
06434708010010180
06434708040160150
06434708040050080
06434707030060050
06434708030010160
06434708010030170
06434708010010190
06434707030040160
06434708220000950
06424711100030100
06434708030020062
06424711100030220
06434707030070060
06434707030060150
06424711100030070
06434708200000250
06434708030020210
06434707030060060
06424711100020050
06434708030020191
06434708010010100
06434707030040150
06434708010030160
06434708030020050
06424711100030210
06434708030020040
06434708040050051
06434708030010150
06434708040050101
06434707030040060
06424711100010010
06434708030020030
06434708010010200
06434707030070070
06434707030060140
06434707030060070
06434708010030150
06434708200000230
06434708200000240
06434707030040140
06434708040050030
06424711100030200
06434708010030200
06434708200000220
06434708010030140
06434708040050130
06434707030040070
06434708010030190
06434707030070080
06434707030060130
06424711100030420
06434708040050010
06424711100020040
06434707030040080
06434708010030130
06434708010010210
06434708010010220
06434708010010090
06434708010010080
06434708030020020
06434708220000960
06434708030020220
06424711100030010
06434708030020010
06434707030040130
06424711100030020
06424711100030180
06434707030060080
06434708010030210
06434708200000210
06434708030010140
06434708030010100
06434708010010230
06424711100030150
06434708010030120
06424711100030190
06424711100030160
06434708220000970
06424711100010070
06424711100010252
06424711100030140
06434708010010070
06434708010030220
06424711100030040
06434707030070090
06434707030060120
06434708030010130
06434708010030111
06424711100030120
06434708220000980
06424711100030130
06424711100030030
06434707030040090
06424711100030110
06424711100020030
06424711100020020
06434708030010120
06424711100030170
06434707030060090
06434708030010110
06434707030040120
06424711100010080
06434708200000200
06434708010020040
06434708010020030
06434708010030240
06434708010010240
06434708010030250
06434708010010060
06434708010020020
06424711100020010
06434707030070100
06434707030060110
06434707030040110
06434708200000010
06434707030060100
06434707030040100
06434708200000070
06434708010010250
06434708010020050
06434708010010050
06434708010010040
06434708200000150
06434708010010260
06434708010020010
06434708200000190
06424711100010180
06434708030010090
06434708030010080
06434708030010070
06434708200000020
06434707030080030
06434708010030270
06424711100010170
06434707030080020
06434707030080010
06434708010030260
06434707030080070
06434707030080080
06434708220001020
06434708010010270
06434707030080060
06434707030080050
06434707030080040
06434708010030300
06434708010030310
06424711100010150
06434708030010050
06434708010010030
06434708010030280
06434708220001030
06424711100010160
06434708220001000
06434708220001010
06434708220000990
06434708010030290
06424711100010130
06424711100010110
06424711100010090
06424711100010100
06434708200000140
06434708220001050
06424711100010140
06434708200000100
06434708200000172
06424711100010120
06434708220001060
06434708030010040
06434708220001070
06434708010010280
06434708200000032
06434708200000080
06434708220001040
06434708010010010
06434708200000110
06434708200000090
06434708200000160
06434708200000130
06434708030010020
06434708200000120
